activecorereviewers,labels
3,12-Q4
6,13-Q1
12,13-Q2
19,13-Q3
18,13-Q4
21,14-Q1
21,14-Q2
24,14-Q3
