activecorereviewers,labels
6,13-Q2
12,13-Q3
19,13-Q4
18,14-Q1
21,14-Q2
21,14-Q3
24,14-Q4
24,15-Q1
